Accuracy: 0.634927416316502
Area Under ROC: 0.6924565339870425
Precision: 0.6654348973698103
Recall: 0.5413218815972285
F1 Score: 0.596995976327593
