Accuracy: 0.6174766340314642
Area Under ROC: 0.6675531427157656
Precision: 0.6889160996470332
Recall: 0.42839940411552546
F1 Score: 0.5282863176614427
