Area Under ROC: 0.7179571751363779
Accuracy: 0.8921097232925577
Precision: 0.7958597583931238
Recall: 0.8921097232925577
F1 Score: 0.8412405988889559
