Accuracy: 0.6363475108267248
Area Under ROC: 0.6939011186442977
Precision: 0.6663429412913475
Recall: 0.5461860942022402
F1 Score: 0.6003109828293731
